809
172
931
283
614
775
399
440
186
413
422
224
878
78
815
51
12
23
72
527
266
633
849
869
521
764
280
41
465
210
877
163
464
710
424
76
651
575
378
619
436
128
282
633
796
986
153
353
834
267
288
884
981
617
112
251
615
42
73
527
426
782
152
638
207
639
619
614
157
479
831
111
623
923
124
172
994
879
206
99
333
778
208
525
945
451
772
960
707
164
510
267
855
22
650
353
103
118
155
9
221
254
950
837
878
999
397
619
567
357
760
737
964
755
353
316
454
601
95
857
629
59
142
941
439
916
77
547
160
923
200
413
650
829
374
605
38
939
150
484
404
21
510
298
984
246
76
623
597
458
328
929
622
894
281
663
731
376
888
582
721
607
290
178
581
827
657
575
514
567
797
552
113
862
135
936
128
540
327
319
22
111
167
511
870
918
143
583
2
240
754
168
842
32
793
391
102
264
638
26
656
788
820
807
629
336
533
689
469
76
892
707
864
807
756
594
124
226
472
823
781
278
29
138
684
840
141
645
164
156
69
128
224
817
994
272
912
292
279
950
790
998
617
437
516
258
223
220
617
386
380
5
924
721
280
212
583
519
134
36
671
144
687
863
851
182
766
405
644
504
701
231
444
835
488
51
929
800
144
619
148
582
812
489
773
426
59
694
746
100
636
396
320
795
138
640
577
420
578
468
830
983
807
163
263
354
248
367
80
770
312
839
230
775
542
141
699
712
134
776
790
623
344
292
599
142
359
451
81
913
773
926
737
358
821
500
182
707
313
239
201
127
733
586
15
4
947
791
860
827
417
537
739
512
320
798
251
607
430
407
452
592
759
515
651
959
951
112
545
751
859
955
779
759
864
379
758
85
700
545
673
947
876
874
23
432
158
184
45
848
184
742
185
694
8
402
116
41
85
456
338
724
198
309
863
555
378
161
659
915
375
473
577
409
855
339
181
126
352
299
540
377
131
806
417
237
128
333
469
324
95
412
950
413
706
363
524
490
161
461
792
165
310
384
37
244
986
836
459
882
696
887
17
472
537
72
156
84
23
714
70
921
301
676
416
607
359
151
322
773
319
927
402
355
975
125
76
181
46
157
442
69
812
500
852
503
344
132
121
876
429
762
302
871
472
831
942
716
197
671
611
770
634
327
612
246
676
978
671
338
793
909
889
830
926
657
908
70
946
929
600
563
450
893
805
911
126
583
72
155
860
732
533
315
644
316
947
981
12
493
894
301
740
893
737
389
93
383
306
467
485
529
594
643
254
259
13
703
233
522
599
652
588
341
720
631
564
368
578
944
719
727
768
814
544
957
25
746
968
439
725
384
787
882
975
924
842
820
612
73
671
289
347
16
686
476
365
639
593
609
847
832
596
704
181
315
843
837
970
214
273
550
333
204
659
293
22
525
812
431
850
309
74
716
387
830
288
151
147
418
381
288
970
955
277
952
439
174
31
925
659
185
327
487
860
472
589
418
888
110
597
525
696
89
824
218
360
527
900
351
540
512
23
773
572
332
993
503
707
151
411
196
357
593
514
217
520
963
281
569
668
655
462
966
677
327
915
333
385
777
320
564
805
626
599
247
917
896
808
588
644
468
502
212
200
152
586
979
321
309
959
873
331
217
501
658
115
558
394
715
919
102
950
14
928
622
405
88
676
521
82
480
159
47
578
723
267
653
359
750
64
375
223
115
485
322
412
705
279
15
989
373
825
565
556
661
989
831
417
486
930
998
80
419
959
199
54
530
975
200
17
706
269
183
425
200
377
653
722
482
539
625
339
971
376
311
436
200
20
506
595
522
863
823
360
149
538
933
98
88
683
674
505
599
551
455
133
382
968
895
23
102
751
244
142
988
20
723
21
368
379
65
348
628
369
109
83
382
880
952
862
975
160
802
205
845
711
839
363
501
785
282
274
413
563
889
469
562
540
569
807
565
917
851
66
123
451
511
705
101
763
352
410
117
509
321
494
131
412
374
116
591
301
893
269
999
109
502
145
411
432
858
121
999
504
672
590
913
515
462
587
28
984
693
790
564
547
813
885
882
39
332
302
498
627
49
95
948
856
261
440
680
298
445
893
846
341
961
441
324
610
240
383
849
601
696
266
714
193
104
488
562
999
377
354
192
284
917
976
83
218
198
843
561
911
730
882
17
811
613
657
965
727
671
583
525
230
8
550
623
312
170
945
531
261
638
617
527
895
745
200
734
475
808
826
902
922
121
913
161
162
220
960
172
194
587
505
751
743
742
339
165
872
689
798
493
512
866
418
711
