1835
623
772
182
595
420
531
1790
1207
1996
239
576
381
377
513
915
1948
1585
950
1884
1286
1409
664
450
41
1698
908
1775
1873
1451
1117
649
608
855
425
481
1329
1721
474
299
1801
1517
1080
1904
1711
1697
1821
1760
1389
1988
794
572
1207
557
72
164
540
799
49
1708
1339
1276
15
788
136
647
1317
375
1183
255
317
1540
1975
665
1474
1436
763
1916
1152
523
981
1011
24
891
236
1918
72
1317
1664
875
1562
1097
402
1012
924
433
986
24
800
1696
1620
1214
1445
480
1786
694
1845
1325
504
1251
208
124
1227
1335
26
273
268
1997
1504
1903
1788
1453
1825
544
80
1643
1850
1143
1134
1553
594
708
200
1182
1224
1209
1930
174
986
1227
1695
1149
839
1067
40
183
87
1653
687
1761
1497
1336
697
1373
509
1991
874
313
1555
1136
894
1882
1252
251
1973
1976
1776
1397
46
1449
983
1998
119
1986
1180
1743
1972
91
22
1936
1438
339
857
1081
1582
1251
885
279
314
327
1246
1442
287
667
156
829
240
35
595
1373
110
942
1525
301
1049
1531
279
897
1446
139
785
1530
257
1017
1610
26
1508
552
291
56
1720
221
579
518
1980
413
291
753
868
1031
235
1049
275
1621
1133
1233
317
14
1167
857
598
1488
1855
347
367
781
994
643
1714
516
1198
706
1899
1921
1962
404
1738
167
1170
768
1207
1261
1854
992
1637
534
1157
931
778
598
1326
911
1901
305
616
266
17
310
1931
59
81
461
1838
44
1756
285
714
260
1508
1521
975
1890
1937
1484
1670
588
91
1738
1783
729
312
1832
1451
859
771
375
212
1441
478
1677
860
987
1129
1485
1115
464
1379
1096
909
365
176
1380
1652
639
1691
156
810
1875
782
136
1561
235
1521
1502
222
1924
1727
1721
1691
1222
1583
1417
365
1259
785
1995
461
788
183
1371
1531
888
1430
1191
1047
271
429
357
850
1246
1190
408
1109
1795
1866
783
1231
451
1466
1983
165
2
651
994
549
1827
386
479
141
113
608
1980
1082
814
207
1250
770
1241
1598
400
117
981
970
547
1874
487
766
1316
54
1136
859
1041
811
141
1259
33
430
1531
371
434
1553
271
1351
262
979
1780
1011
94
1100
1814
1207
756
1389
943
418
1855
1367
128
1427
131
1020
1795
347
1160
403
734
311
1084
1775
27
893
203
626
1061
132
478
622
1317
57
1105
77
222
1519
1594
1121
886
1703
951
238
38
81
1958
1831
1364
850
75
550
383
198
398
32
394
439
675
424
1325
462
590
627
1000
1434
214
109
1897
287
1705
1289
1680
705
224
1198
1041
1521
453
480
1130
1159
1138
1229
422
1105
1148
634
65
1210
512
76
333
1342
717
1291
596
1101
658
435
79
1359
1881
1246
550
407
148
1791
1929
491
966
640
271
1938
710
1710
924
1935
1440
691
56
1741
1228
772
1166
1564
1139
1660
690
1195
687
665
1207
1302
1074
1398
608
1666
1738
393
229
1830
1012
429
313
28
766
99
233
457
305
836
39
1513
111
842
104
479
601
1232
986
28
1700
935
1227
1708
861
298
550
1049
1323
212
511
1099
1028
1953
673
141
754
1634
661
1622
1703
1077
38
646
1759
1141
931
1391
1542
1181
612
1015
1034
1747
1585
1963
1585
482
959
997
1773
56
1773
1649
1151
1762
1118
701
1275
85
487
1711
523
1711
428
1131
86
1660
166
933
258
1437
1976
980
1943
438
930
1240
214
1703
309
590
43
333
1288
1857
1678
1626
1770
1698
1632
1587
1801
27
580
712
1010
1137
1547
1689
1066
761
1046
375
1677
1388
389
1944
1717
1437
1413
159
654
1547
90
748
599
1890
1369
528
635
839
1513
1107
1121
131
618
505
864
1471
1143
883
391
1250
361
50
1901
647
1948
1265
836
1778
5
1268
1171
1764
724
1371
916
173
1606
667
1610
162
1615
447
472
1071
1846
731
30
350
721
1730
1173
105
1587
40
1182
1500
739
234
213
207
510
1660
924
1010
528
339
21
618
1007
1157
639
1419
713
238
918
758
95
1013
1828
1094
1137
782
876
53
1500
1600
713
1636
1426
1049
978
1995
1913
1185
96
1229
166
1389
899
1232
347
1397
626
235
127
712
1186
289
1661
1422
1002
1502
1328
191
1236
543
877
1666
1269
1382
753
1976
1761
1134
1053
1370
1689
236
847
1855
502
743
1331
931
1755
106
489
933
1046
87
537
480
647
174
4
941
724
1582
1885
694
748
939
1705
1341
234
945
2
1262
893
1256
1090
371
1590
1673
590
55
865
1471
208
29
1768
65
1338
690
980
959
1496
848
85
1739
853
820
1700
1451
1649
610
967
236
1761
1287
949
921
423
1936
1355
1563
1684
1513
1453
1875
1307
1496
1825
695
1912
1004
569
1273
369
96
1263
1534
1340
628
1494
1165
961
542
1870
1606
721
924
521
502
759
1613
1260
984
1101
1265
296
573
1283
127
729
704
1500
822
1870
243
1273
165
474
46
1530
1918
154
1738
97
264
1289
1144
506
1029
1856
1911
1481
836
1506
758
1794
952
359
390
14
616
1191
1076
1804
760
458
566
167
135
1134
612
71
1242
1288
1001
1290
202
302
1497
132
1978
1556
469
357
1100
1797
1501
1338
1732
965
1862
1622
652
197
588
691
186
1495
185
1555
1919
466
1895
1772
65
1160
1427
83
1147
1030
1570
312
595
1643
904
163
733
1805
854
1773
1678
249
628
1843
1364
1929
1808
950
1380
27
613
486
259
895
512
1136
601
849
591
101
723
792
59
1917
1384
190
583
220
1663
1938
1481
836
79
538
1273
1419
102
380
23
1071
1838
991
306
87
1037
813
870
363
1212
92
1782
1511
618
414
683
284
833
1461
747
695
1882
411
1533
886
205
977
252
408
428
1974
1850
1701
1040
907
823
798
1123
420
706
278
544
1745
623
257
120
990
1882
139
1415
1768
347
765
1750
337
1259
1516
1778
598
1893
178
124
1407
1392
1184
914
182
205
68
63
1116
940
936
159
1016
1219
363
117
49
193
1445
512
78
1904
1685
923
636
858
1708
964
1553
238
175
112
878
1314
1257
605
1578
523
1424
1927
1036
1355
553
1599
1465
1242
1934
329
159
1640
15
261
481
418
23
1425
1732
1091
912
1917
1577
1661
89
1679
1021
1000
1655
1703
973
1866
474
1925
1821
919
274
1626
1307
539
1313
1773
1856
1270
899
1247
647
456
1659
881
1713
973
1503
4
1064
1482
1991
640
1810
393
738
1786
1368
1889
603
560
1384
1466
170
679
343
1135
1693
1367
1947
388
72
500
137
298
714
673
1242
1313
482
272
1524
894
194
1181
1350
1229
1795
108
1651
425
505
704
66
777
9
414
261
157
1576
560
442
1626
902
1038
399
865
459
1626
185
1943
848
987
54
497
1857
1549
321
1966
577
1911
294
713
655
1757
486
431
1720
1238
1101
910
12
401
1619
1567
757
1556
464
181
870
325
1908
182
1761
396
1637
1530
1148
360
602
1617
996
1649
888
634
1138
1023
1531
562
157
1241
23
1337
1825
304
1263
891
862
733
486
445
1076
1720
1748
1911
1774
1195
1611
1409
1852
294
347
225
661
1460
1682
1940
1052
1870
1288
26
643
1726
75
1559
685
983
1590
999
137
467
1271
34
444
829
81
801
1901
1296
1967
656
1991
863
1674
84
571
1463
1740
1326
804
1730
1350
240
1119
1677
1120
32
42
1980
1391
315
732
1101
1676
1196
1654
266
482
477
89
1827
744
1964
1207
1179
208
514
1422
1762
782
1361
115
1635
813
876
763
366
1215
923
1424
745
1124
590
1425
195
749
50
1467
249
33
1890
1975
828
943
1440
148
1187
1541
628
375
605
880
20
15
217
741
1397
142
1674
1232
1504
1365
949
283
297
1919
1757
1121
428
418
1057
548
249
1825
1396
844
1826
1541
1661
1536
561
1980
528
458
1152
1314
173
1702
755
288
535
395
1225
787
472
1101
931
1151
1779
1010
1731
1123
570
884
1321
1902
1233
1382
1738
658
210
1563
1939
488
211
1827
1548
1668
1797
535
464
394
798
1351
171
81
186
546
549
680
701
54
1839
742
732
1561
827
326
1564
1383
1969
83
1275
1420
1711
304
1854
420
641
1739
218
1281
1057
579
1528
1566
1073
488
99
322
1462
1762
1411
1478
1735
980
1855
138
1815
1218
830
485
719
177
430
716
784
302
569
789
198
1041
1397
716
1793
1123
1003
390
65
1791
1515
868
239
117
1549
1626
1044
1620
315
913
356
1321
1149
985
59
915
1013
1027
155
745
1452
302
468
862
892
1424
22
1539
1953
1064
691
1086
874
897
472
90
899
730
1565
223
1320
1684
11
611
627
299
702
513
726
665
315
1593
816
519
803
1800
1561
1653
584
730
1856
1644
1600
13
680
1090
312
488
1534
605
1739
428
1678
1452
131
1689
1814
659
1071
36
1643
1909
774
503
1419
1815
730
1001
163
690
576
1296
1106
1609
1920
1525
1501
1628
168
1815
436
957
646
1651
1029
257
1861
1618
480
488
1159
323
363
849
68
522
1238
455
882
1689
1986
1793
1654
1230
1309
1257
346
1885
273
666
703
432
1807
1376
773
1388
613
875
1832
390
839
1028
1901
1526
621
3
526
1162
698
1823
834
1630
1917
1720
961
523
827
1538
1750
1901
1228
1395
1606
234
1061
271
480
1680
967
1281
1237
158
1093
1405
874
1877
219
1396
1964
1632
973
887
1267
1138
446
736
202
1023
931
1757
1182
926
503
1438
356
205
832
1938
1072
1878
1761
1724
756
1537
1889
332
294
1385
1020
91
1989
995
153
807
573
1836
124
1072
568
1043
413
1570
24
1623
1992
1460
1458
1794
198
1328
1725
646
1196
1957
860
1303
1091
1945
552
1369
24
818
2
315
1077
1255
1479
661
1871
1234
1812
1358
1441
1289
140
737
729
861
440
912
993
211
254
1657
1377
465
1814
392
1779
1195
1913
1694
295
111
890
49
1496
862
1657
1092
1903
156
1174
600
471
809
1731
1554
1808
241
317
1327
1192
241
652
198
935
1707
1369
205
713
1692
1280
1071
193
1708
102
348
1916
1077
1884
1153
804
1351
453
633
1639
1148
1172
372
1927
8
666
808
291
1427
783
1333
869
410
1070
301
1405
626
1734
1220
1982
847
573
1060
56
1236
1112
948
1990
1995
169
250
297
1208
712
1102
1845
1001
86
514
697
433
1150
671
1013
1269
716
1169
1047
1078
994
405
455
1808
1800
1425
548
1795
1700
1894
1710
1072
171
1634
245
246
1543
1433
1921
333
1434
533
1572
1506
1969
1899
1262
1253
668
991
815
480
653
1275
770
1769
767
380
1544
793
1881
414
1506
766
563
1434
499
1870
1192
364
117
1388
1357
649
523
1248
257
481
1880
530
1541
881
1566
152
