169
849
1909
3040
3337
1731
1089
120
1453
1485
1921
2301
1554
166
1121
697
871
3182
1843
2569
2020
3601
2080
3043
216
813
1692
3127
579
344
2301
2677
3782
764
653
463
407
2180
2782
3552
3513
1948
3581
3534
1292
243
3722
2252
257
2372
2215
899
3920
2134
3023
3283
3245
353
3562
2644
889
3826
254
705
469
2801
3143
471
2108
2208
1642
538
209
1094
2502
2585
2007
717
1165
2579
3584
2025
1874
1211
1128
2235
3267
1624
130
468
1880
2895
2291
2142
1836
2853
542
2071
236
991
384
3551
2958
173
3517
3028
1028
615
1178
412
3473
3798
1773
1732
2843
86
82
3238
225
2778
1535
3056
79
81
1146
866
1584
8
3370
2807
2659
496
939
3145
3505
481
3558
1743
2910
3327
351
2888
158
3260
2801
3132
1322
1886
1591
1216
339
1314
3341
1435
3927
2177
183
1543
753
1682
1695
3130
2549
305
1381
3429
3388
3646
1970
348
3005
2505
1901
3672
62
3245
3250
1754
2153
2586
2528
3281
609
2263
2642
3741
439
2471
2192
2453
696
1388
3015
742
1450
3210
3382
1884
2967
1549
74
774
648
2477
1805
3797
1206
1425
762
3014
2045
402
596
1441
3987
1121
1751
768
1431
332
3567
147
1485
29
40
3236
9
387
3910
3191
3625
1461
3638
1140
3976
3348
101
1799
3249
1936
3119
680
3121
3630
1562
1047
1520
3241
3428
3658
3200
3671
1531
1611
1751
205
1932
2555
2586
2789
3069
3996
2235
1886
1183
2381
1605
837
3198
1718
3796
1843
3323
1639
2443
2647
3100
1885
2976
1206
2882
3909
1146
176
2139
2403
382
677
2297
533
646
1911
1028
755
2996
1489
139
2554
1254
137
800
2026
1482
2370
1893
1133
3411
2837
641
1241
3916
528
2839
2903
3309
3616
281
516
524
1132
729
3352
3061
2561
3553
358
2365
3093
1924
2371
819
2822
979
1771
2265
3203
724
288
370
430
3985
1140
1692
2880
3405
2377
671
1837
3676
214
3110
490
2035
2317
110
2860
477
3963
285
3218
2704
2128
2070
1478
640
1664
2057
3424
2002
1353
2767
3436
1300
1877
1911
2861
203
1954
2555
930
2412
193
2871
295
2703
1084
3482
1471
3233
2235
29
81
25
2473
180
2769
749
1458
99
3808
2822
2927
3764
1174
3282
486
3206
1535
2072
1612
1991
1828
1873
492
2789
3020
437
1965
3969
3138
851
1038
357
57
2950
2709
3736
365
644
1641
3887
2060
1496
732
2086
3509
2995
429
464
2591
1534
1677
3115
3549
1043
2817
1336
1600
461
2855
74
2846
1661
1276
1052
2450
990
2493
2727
324
2955
2669
1940
1579
2320
3607
175
3152
2335
1748
3134
180
3556
1134
241
2580
506
3142
1081
1132
607
2771
3869
730
357
3821
3691
2725
1643
2601
2252
2942
684
3269
2267
1157
2038
743
343
3055
798
2913
151
2918
626
2551
318
562
910
1412
3312
3639
3763
2618
675
1630
1237
1512
2105
345
2548
3393
1581
1825
3662
2907
971
2050
1842
3989
2310
1786
1176
1436
3012
510
3375
2384
2172
605
1271
3843
2340
1609
3729
3650
612
2771
3124
2230
687
630
1633
653
2162
663
2553
1013
877
1675
1677
777
3203
922
1397
2031
3469
194
1189
1440
2803
1439
3902
1386
3037
1386
3521
3475
1511
1152
3978
1823
1780
3364
3738
1748
3780
3687
84
60
2601
3911
3629
426
3254
118
2686
2913
1529
2301
667
1649
619
800
713
963
1765
2083
3372
1591
1845
1549
2590
1643
3825
492
2919
3167
2699
3674
2121
184
3014
3263
1307
3074
1640
3574
3865
569
2993
2388
858
2057
2667
2502
1218
532
673
667
728
3380
3957
3587
2586
3010
749
2421
3984
2519
3982
2711
1823
2864
780
697
768
1815
2177
803
592
1920
2684
177
488
2833
3099
3675
2991
486
2172
570
1487
1043
3600
3432
2885
748
3505
2952
2653
1761
1174
198
1182
2478
3589
2879
3746
2258
1320
2628
2121
1694
451
1851
1806
1265
548
1991
1978
257
3228
2921
759
1436
2701
1031
2311
3184
69
2347
3863
744
3690
79
558
1208
150
3097
2731
2971
166
417
2542
1819
397
218
1972
3760
3982
3664
2185
3244
3529
239
3642
3767
3061
2405
2217
2615
3440
265
2532
435
1587
379
375
439
2666
2637
2657
1338
1986
1315
5
2494
419
2551
131
312
3776
224
454
2353
2092
1972
2910
364
3888
3660
2321
2377
1179
3591
2797
2153
2329
2129
1890
595
1895
645
910
3862
1157
81
2264
2352
3436
1049
641
335
483
511
2456
3222
653
1569
557
674
261
3907
2408
238
2797
1071
3707
1107
1251
442
725
1300
2389
264
3320
2169
3766
2483
3438
602
1393
72
312
3294
2526
1907
3462
228
275
1565
3790
2499
2205
3570
1398
237
1135
680
3828
89
633
3740
3033
2913
3421
31
3241
1001
1470
3602
175
2882
1722
3213
1166
845
3738
3878
346
2019
1511
2960
264
1525
3615
386
3972
3920
1288
90
2178
3011
2629
1761
2103
836
2822
3409
168
2991
2405
596
3491
1104
3182
3919
1677
2692
3358
1663
1275
443
1936
1987
1157
1793
3796
2170
2712
797
2145
2830
684
1209
2028
17
3285
1667
3450
2790
349
2355
1810
2404
2002
3150
22
2102
2299
1962
499
3047
785
852
919
3964
3020
1230
1155
514
732
1117
1314
1194
793
66
3801
1330
1533
2279
3646
263
2480
3196
333
39
3620
3170
281
139
3938
3369
3681
2661
1476
2869
1316
1446
1157
2118
2581
323
278
2936
498
2105
3635
2855
785
2606
629
2743
316
2842
2473
1972
2496
3527
2625
3285
256
3029
713
743
3599
2913
316
1319
2078
678
856
3087
1298
3812
3664
437
121
2176
3553
3504
3231
525
423
2173
3388
1706
688
1025
3761
2507
2129
2352
2035
2236
3192
1037
2822
2755
2338
2066
2573
3302
2317
658
705
205
2033
1918
1633
2953
875
2757
2793
1077
3898
2879
2278
2492
2701
3052
2696
1627
1308
1496
3193
1385
3927
1090
557
3988
636
1406
3802
653
3725
471
843
3879
3360
1337
1807
2139
2841
2478
3767
3568
3797
1447
960
2234
72
3869
1582
3616
1706
1816
634
1794
3150
1328
2189
3419
3443
3442
717
227
1246
518
2391
1145
1991
2159
142
3903
211
3954
2322
613
770
3963
437
3659
3274
3644
266
3745
932
1910
2751
1714
3845
61
1741
3936
2287
2712
2829
753
1961
679
3437
235
3565
2888
1156
572
1889
1754
2338
605
3528
3715
1195
3191
2297
432
2309
2599
1424
1116
2960
3550
3908
723
1110
972
2297
22
3139
3582
470
417
2711
2085
3322
3691
3929
2170
1067
3407
2798
2015
1615
3497
2283
1415
2046
1410
2375
1304
3992
272
3700
3408
3987
2328
368
3270
1431
1685
1206
3763
1518
1853
1115
16
2102
3778
3030
2881
1081
1718
2559
627
639
371
2236
3074
2178
2874
2071
2302
3970
187
1204
2319
410
3316
994
886
3251
1981
847
2038
1367
2691
3425
2355
809
627
2051
1818
19
1690
956
3233
2112
3371
2918
144
491
704
2110
1345
600
3940
3191
2243
257
177
340
421
3380
1462
2902
3313
3963
3291
3058
2743
1947
1383
3911
3788
418
3138
2894
3474
538
3031
147
3994
3843
1436
1379
1959
416
3349
710
2837
1521
1589
399
250
3809
3111
1234
2187
2465
2829
3606
131
852
998
1483
2527
1260
3765
221
3533
3093
1088
1065
2919
1233
3190
3407
2522
2788
1428
3529
3148
176
2282
2875
2365
1060
2489
3500
2189
2480
2368
1300
3551
2461
2392
2198
700
2746
2396
656
2907
250
3085
1840
2911
2876
1973
361
417
1451
234
3207
1456
2184
3638
2271
535
3556
820
75
3006
370
1629
245
3507
3004
1221
2513
1130
3061
2207
2095
1634
2543
1768
1361
3659
974
2914
2586
3877
669
2559
328
1898
415
930
1572
303
3017
2368
1432
2022
174
3148
256
424
1082
1876
2371
337
68
3494
2307
300
3645
151
1844
3474
174
261
298
909
1378
3931
1270
1377
3263
3477
402
1293
763
133
762
1550
2380
3349
1950
3429
896
3790
1813
538
2382
441
1236
1569
3757
3683
2528
668
1572
3078
352
1601
1506
614
662
2653
495
793
720
1209
2178
3083
282
61
1460
3008
3190
1266
2708
59
2831
3340
765
3583
2697
647
3749
1620
1373
3409
1016
1389
3781
3049
3653
1607
1395
3719
2934
436
198
1532
3782
2457
1535
27
1102
1557
177
2456
2848
355
1976
815
2264
577
3915
1288
719
3954
2901
3098
2034
2497
256
1198
179
2183
915
1190
318
2159
1149
285
3855
2232
18
240
674
1243
55
830
778
782
56
1964
838
3431
290
556
1202
3109
2189
62
602
1131
90
535
2580
814
158
3682
2830
530
1757
805
581
2352
1787
261
3064
2971
303
3532
2492
2947
3673
3178
3665
2041
789
1593
1493
84
3504
2022
3448
3603
3002
2861
2416
3012
2621
1668
2638
2469
1613
506
3440
1033
2689
3041
536
3997
2113
2251
1885
2731
3680
81
3136
3423
396
1785
1794
1544
3972
3160
212
1345
1353
1750
847
721
3287
1618
1126
2320
2486
582
280
1227
2061
461
1642
1929
1782
1985
3381
3214
3960
2921
1627
2176
2128
2899
64
1193
2673
2591
3287
445
911
861
634
2460
2934
630
126
1242
480
305
3014
1853
1030
2863
1847
1798
1782
1049
1772
2516
2183
1947
426
3557
2249
944
1399
1471
2016
352
743
1038
83
391
2295
1647
3359
1496
2686
3820
178
2722
384
104
981
3985
2597
1918
1225
1528
3913
421
277
494
3574
1175
1822
2775
2959
2322
3897
3877
3405
3454
2685
2622
3792
272
3389
1471
1070
3918
500
961
3504
1140
1857
2491
2557
791
3861
3592
3030
2056
1963
2667
3557
987
3160
3024
1040
2121
3235
597
1010
2835
406
841
843
2760
2101
435
3222
360
1775
3926
2012
393
2323
2739
72
506
2085
3952
2875
2983
2449
3960
2080
3612
2910
1635
1698
3053
1511
3800
2044
214
3878
3184
306
3806
1138
3964
607
2786
2507
1834
686
1263
3603
2787
236
1039
3999
1401
3870
2728
270
31
1295
481
3129
633
1357
38
460
2007
2677
974
2836
1563
331
3612
1626
867
2831
1955
1839
515
364
3885
712
83
3827
1181
2507
1737
3432
628
3914
232
571
1681
2513
1817
2809
2428
539
3897
1060
389
1193
1971
672
1576
1717
1039
2255
2516
2788
1740
3488
3437
3386
2537
1604
3150
2995
842
3649
3218
1199
377
490
2421
2701
300
142
151
3067
3078
3792
1313
3501
2176
1912
3371
1356
3144
456
701
1777
1962
1329
757
3154
2223
6
1512
1180
676
369
2540
963
2908
2854
725
437
3736
277
2334
85
2086
1923
2795
3719
1256
3003
173
2279
471
2688
2630
2175
1575
1991
494
2104
140
3459
3188
497
2206
577
3368
3534
729
1909
2809
1106
1863
1268
1307
3889
1154
1252
395
2911
1141
1425
2358
941
771
193
311
917
1354
1642
31
1812
2985
1602
986
3479
480
87
3216
3801
3670
1121
937
1036
193
2933
2740
2102
673
2491
1865
1854
1230
2562
3342
3591
2420
658
1335
3420
1084
3586
3954
1644
845
523
3298
2073
3090
2013
1865
139
1725
401
2796
426
2316
990
1202
1068
2732
1872
2541
1196
1308
1558
3740
3804
3795
1754
2416
1436
3396
2423
3117
459
3808
3526
1171
861
3709
1369
3070
1485
1814
2412
2891
885
370
3225
2301
2461
2346
1003
414
1456
165
1461
2441
341
2663
1603
2152
892
2698
2353
1113
3671
3818
1595
2007
2603
3784
2933
3318
263
2087
732
2382
3893
3803
2252
380
3438
1923
2548
294
2099
1908
1383
3069
57
1720
2004
2728
357
2710
3640
3806
952
3284
2002
1556
1932
2075
3384
1368
2688
2554
3688
2781
337
1837
2753
1753
1418
3871
3315
875
2460
718
500
1984
529
1358
3509
1751
574
2929
1684
3492
3768
1541
1395
1459
3656
3422
1929
3182
769
2454
2520
2720
49
2546
3775
538
375
1223
1328
2741
3284
2557
3588
282
2661
2898
3118
2879
2160
2466
3182
3507
3068
2854
3943
476
3686
2906
914
990
2001
420
3988
1950
3198
1009
430
3752
1309
706
2132
2062
1187
2696
256
562
2076
3051
3047
422
1602
2673
3660
3154
1134
1181
1492
950
879
3990
1978
529
2905
2315
996
577
128
3155
2966
2987
709
1977
645
893
3728
1719
2478
2162
959
1762
1960
1814
3101
519
247
10
2966
1877
3875
3883
1194
379
361
2734
3329
1395
2736
591
2590
3455
3391
1802
1623
2386
76
2409
2339
755
760
1920
1749
3134
505
3605
1960
3211
440
2851
3356
755
3837
2625
2304
624
1671
3583
1072
3076
544
3569
2977
157
849
2959
2586
2679
2546
2139
1094
3011
740
644
679
3431
2242
1931
2893
1573
1493
2725
2887
1793
1640
2881
217
1821
1276
1482
1262
7
509
2510
2320
1589
3316
256
1463
2064
3389
731
1470
2703
124
1416
2236
1381
3020
3586
3249
2206
568
3416
2399
1894
1230
1011
1116
1610
3216
2648
3749
227
1165
1232
2292
1392
2064
230
2837
675
3159
3953
2358
896
2214
51
3165
3873
61
2944
2558
3485
2888
1443
2989
426
533
190
3825
2176
2059
497
474
704
729
1437
2741
981
269
1385
317
3578
391
2692
3283
2429
2380
3564
2769
2722
2111
271
988
3402
1741
2064
313
3381
1159
2252
577
550
2742
2717
568
871
1706
1182
154
3853
403
497
2838
3228
2068
958
416
2990
1589
2780
1378
2672
2360
949
1810
2958
782
1573
1514
3216
1931
2147
1012
1541
1495
195
2020
319
3974
1179
3659
2815
1003
3077
2057
3314
2856
3109
3331
507
873
2955
2805
2932
2450
2715
9
464
3733
1931
1065
2083
3657
2412
1873
1731
1687
2861
777
2032
2167
956
3025
1683
2971
2606
190
2915
170
162
3780
3757
400
385
660
1333
1235
1192
2441
312
681
137
3389
1524
3593
2703
3617
1322
1983
3841
3341
1763
900
2697
2964
3889
44
2837
2172
343
3106
1181
3852
2060
3634
102
2343
1403
3557
3590
3833
2670
242
2697
239
1549
210
2100
1036
3522
181
2536
1240
351
3700
169
1755
3106
3559
3488
268
3767
3512
189
3811
2046
2871
1569
2741
1903
1167
3771
1857
1787
2936
3313
2854
1557
3662
1730
3864
1617
3843
2314
2259
1100
81
2565
2159
621
147
1783
2229
3817
148
3724
2864
3661
7
827
2535
3448
568
3184
2826
3686
3811
2730
267
2645
3621
1378
2480
1441
3663
814
3974
1779
2
357
2808
1498
2807
3684
2368
1592
1758
2512
2556
2624
3306
1116
197
1886
714
1165
156
3704
283
892
2534
3603
3901
1181
3130
1370
3939
3646
216
3546
943
977
1437
3345
1373
1421
3252
809
2302
402
1839
3967
2792
2412
1686
457
2540
2170
2206
3256
3369
15
1502
154
3839
1625
2239
1858
262
1920
1842
492
992
1137
2726
1851
1740
2427
3706
422
956
3290
2607
2803
393
2963
2754
866
1126
3007
1977
2766
2611
2283
3740
3407
1683
2622
102
3907
1824
3485
1499
398
3293
2508
1532
480
171
3638
3577
1238
576
2031
1863
2019
1334
216
178
208
3840
1603
1109
3042
2690
3383
2375
3708
2433
2902
728
292
185
1693
92
3978
1134
44
2279
774
996
262
2042
833
2771
763
1245
1816
437
1892
3758
2812
1730
1007
2648
1597
1887
508
3560
2024
2770
2311
924
3406
665
1864
317
103
3323
119
1102
823
2142
1939
3461
2640
59
3044
1338
472
2128
1215
3549
3629
1524
1387
1517
3558
240
2818
2470
3323
1356
2586
1979
3880
2024
2821
357
110
812
694
2010
26
1601
2884
289
1322
482
787
2597
45
3661
2609
168
75
1471
3263
3578
3365
2463
977
3306
2430
1305
1816
284
3962
3246
893
956
2725
73
2384
2418
1560
2965
2211
1239
3703
3758
2256
2119
3134
1590
770
1718
1726
2729
1811
1800
3235
3794
3921
1756
1400
2943
3206
2408
140
755
1144
3883
374
27
623
383
215
3427
3606
3278
768
1289
1603
3175
2420
3601
3898
2096
623
1211
3022
94
2695
1843
3017
835
1681
3816
3855
3559
3751
735
2142
2394
3177
2504
1497
137
257
241
1190
1167
1964
3993
2099
142
662
1448
3392
3454
3429
3742
313
709
1817
2281
3907
2279
3186
1147
441
3584
2674
2970
887
3536
1412
1625
3447
1015
2334
264
122
1153
131
1704
3370
2339
2092
3714
925
1735
40
3896
1148
1604
3521
1148
1733
3922
2754
2911
2766
2972
2101
2381
2955
150
3057
1655
2033
529
2101
3184
1532
1581
3342
3005
1390
3727
95
583
3673
1907
3745
467
415
612
968
1011
376
777
617
766
3284
3618
3769
414
1121
1332
3480
1609
1935
832
526
754
3282
1979
2292
160
3560
1370
1526
2303
2780
1196
3063
2389
1354
3436
2933
344
452
3959
2703
351
1268
1595
2725
118
898
1201
1279
1718
953
1484
3121
3860
3973
1970
2141
3417
2560
811
89
1490
2125
3383
370
3656
324
2725
1969
146
3312
66
1405
522
3413
846
1794
2910
1302
2133
2448
1128
1238
2684
2247
1920
477
667
977
2704
29
394
2800
2824
3094
2207
1275
3635
1271
2999
3171
553
581
3954
506
3047
2465
1956
3414
1500
2085
1833
2674
1734
2831
1273
1271
3484
2402
2205
1049
1933
425
3713
452
3817
1341
3498
3545
1982
2793
2185
1715
998
2316
2576
1487
1214
3358
2149
1035
2202
503
3957
2574
2647
1356
267
1641
402
3323
513
1532
2232
554
3925
1916
3581
2955
1344
2644
496
3843
2852
553
2511
2379
68
1987
3991
309
2360
648
159
3315
2720
3691
2661
3093
3321
1349
2121
2322
1774
835
1177
649
1137
3841
2060
1064
1322
2964
2963
1260
1743
718
3725
2602
661
2110
1562
494
1093
3094
114
3714
2899
3729
2551
2674
1195
2932
456
3213
1197
3989
1560
3758
91
1721
3263
1532
3568
290
3150
3470
1939
3785
3336
787
3307
1352
1327
1905
3798
220
2877
2700
3221
2857
3541
3850
362
3774
1753
853
3013
954
2621
2817
1403
2062
2332
1422
473
1637
2505
15
2231
3875
1641
1004
752
906
3135
2886
560
3490
3623
1241
975
1401
71
2727
3166
265
3491
3762
1247
154
1585
3881
634
1448
1708
1607
2989
1414
460
3097
1284
1954
3766
831
298
427
816
1204
2878
2609
824
1041
2473
1388
565
1295
3822
2879
2446
268
2179
2174
122
591
448
1006
664
2159
22
3724
896
498
3169
2000
3673
1042
3201
1427
3884
676
2118
1359
88
1307
3050
999
360
1131
3491
1863
1762
1898
344
1293
354
2780
2452
3943
838
3886
569
1599
139
354
600
533
920
3917
2046
651
3833
542
3824
1607
1551
1217
3066
3348
774
3234
3972
3082
1415
1685
1607
3951
3151
1557
3359
478
3168
1868
353
1767
1270
2227
2926
1687
2365
2010
2440
3770
1377
394
1413
222
3717
2985
3906
1242
1112
2654
2170
1870
677
2165
2551
1517
299
3461
1288
3672
2957
3152
1652
2349
2281
3723
1677
608
2766
608
1480
1384
906
3408
2477
926
2690
3260
2442
417
1127
2629
1933
414
2725
2610
1553
3054
2332
3379
1304
3135
340
1060
2234
3160
3917
1876
3485
2519
2645
3430
2822
3486
1566
183
2479
2446
1871
1730
2873
2770
249
448
516
3743
1261
3028
2012
2554
3468
1318
2806
1019
287
3342
3196
1712
1832
1300
1925
3653
2425
2773
841
3299
1412
136
3059
3126
3026
2818
888
660
664
55
1511
2363
358
930
1121
2169
3138
1639
3371
18
3829
2327
354
446
3972
500
3214
3857
1058
1365
2010
2207
2019
2572
2499
3551
756
2149
1966
1839
234
2514
991
1625
3385
2566
2792
1748
1990
1822
1215
1678
3134
7
3315
1961
3656
2331
672
1987
632
974
3520
1755
3877
680
2949
3920
2494
2388
612
3756
3577
473
596
3425
1612
2150
3032
2835
2656
1235
1497
3318
130
1413
2712
1785
1723
2771
98
2980
3299
2567
1124
1949
689
3239
1505
2673
3734
2933
3586
1554
1452
1235
1677
3740
841
939
570
3132
3448
366
2946
2035
1417
315
2968
1911
2695
2146
92
314
3275
1386
1294
2192
911
144
1600
1099
3110
3152
2671
3305
906
3689
1459
2321
470
157
3157
505
3894
2518
1
2539
123
3215
3996
2954
1075
209
503
784
1144
3869
1829
345
3911
3178
3145
2565
1781
3919
3444
3705
3901
1379
1806
232
1501
995
1106
3281
738
2420
2975
553
2976
586
2731
1530
3815
2760
2747
491
1554
265
785
2434
3041
478
390
3911
42
2840
3736
1451
1612
2665
1989
3850
1764
3686
216
3948
3172
3152
3587
1106
1536
1940
3438
111
1546
2255
3183
3317
3521
3253
1243
178
102
2068
220
1594
1487
3797
3940
2631
3199
3331
2688
3325
3157
3663
848
3923
3140
3378
2198
80
1732
3988
1101
1170
1190
3502
2044
3221
1358
3787
1771
1457
3644
1556
2005
1381
3307
2636
2399
3795
734
2744
456
428
1943
2628
2849
3085
266
1186
575
2826
786
948
495
1802
3810
1196
1737
3475
3743
1553
1032
3080
1132
1669
1913
48
1062
3942
1554
3353
2577
626
2789
3164
1682
3022
3093
707
1855
2247
1127
3848
1523
1306
3421
800
3687
1618
1311
2360
3421
1745
3643
318
1247
561
3055
1987
840
1034
3332
1248
2464
2583
286
1623
1070
3252
1009
987
3497
587
2902
2355
3600
751
3166
3419
1851
1704
3686
1003
2737
753
779
3067
2651
1662
2720
1063
3865
2274
1918
1744
2419
112
956
3204
2867
4000
3519
1823
2161
116
3123
2706
271
1243
1115
771
3783
1974
1957
1844
97
2778
1409
1224
1225
597
1300
3523
2657
2452
3592
2642
2611
292
2214
3852
1897
1912
2567
2807
2336
2635
3655
2733
1626
710
1371
736
1875
836
1861
2332
279
3219
1221
2540
530
3806
594
2624
104
3401
3049
2061
1958
93
2885
1589
2584
3909
3888
2921
1725
759
1465
3885
1816
2583
1831
1051
3272
281
2541
2762
122
2214
2462
2767
1341
384
3810
1701
3926
2153
618
3658
597
833
1665
1450
2952
879
3011
2847
175
2530
1234
3385
1360
3800
647
2683
1100
1726
3782
3974
2065
1401
3637
3514
2417
2245
2798
634
1907
2012
1810
175
2345
185
3425
3312
1858
1213
1416
961
1824
2802
282
3001
76
1263
1762
1224
169
2171
2007
3353
1382
3925
1809
2388
3736
1491
2811
3847
3432
3017
3466
358
232
3245
909
2833
2988
2041
678
3797
1719
2321
2264
1813
915
2149
1376
267
1733
2200
3817
3593
1408
898
763
3621
185
1043
1747
1845
3483
1946
2681
3575
2044
1157
270
980
2095
1225
1861
2821
1660
3717
3316
1750
2125
1602
2250
2027
1034
2589
2147
3937
3079
1704
2842
2678
1404
173
2910
907
341
1077
2344
424
2475
489
1836
33
2068
2134
3822
3192
1590
1974
1911
2979
3554
3501
1864
3184
1758
2929
3182
934
1699
462
3415
1646
