211
5506
4768
183
6355
10
4015
2834
3496
3864
3998
2874
2447
6660
6707
4716
1057
4565
875
1477
3350
245
665
3928
6215
1506
3791
7935
184
7205
4545
2542
1045
7432
1768
14
2364
196
4773
5832
4732
1465
3111
1503
4124
1890
1038
1732
6880
4871
5777
2788
2759
6260
3997
2245
5912
939
3454
7697
4574
2582
195
6322
882
6015
4893
734
7928
7363
3337
7157
6828
2500
6639
2889
5535
4383
4489
3260
4476
2846
1479
593
7696
3438
2610
252
6858
6739
4753
7419
7103
6874
2185
3049
5360
2831
5447
465
6416
6833
4707
4928
5313
3043
5629
542
1567
3364
4971
62
6527
3713
5271
7987
1528
3401
5218
4005
3235
2242
1101
741
1504
7834
986
1342
666
6753
5934
5581
3659
373
4538
7442
1794
5693
4634
5766
804
346
1982
7535
4720
7066
6407
627
2248
6063
1652
7274
4077
3616
189
6326
907
895
5887
919
1525
4251
7130
7482
881
5430
2071
6866
3959
185
5711
6122
758
4519
136
2490
5592
2256
7648
1656
3079
1479
2095
1392
5424
4630
4904
5399
2439
1007
64
2909
4747
7398
5011
6593
5003
2974
2435
4777
4969
7553
6882
5426
1566
7989
2706
3909
3454
6539
1258
5547
1405
6457
5084
5410
1395
6346
1173
2672
5084
6036
6117
1847
2915
5099
3360
4362
3104
5652
7108
4159
7135
3196
3675
2053
3363
7914
7779
5112
5162
4467
7469
4723
6003
6253
7811
6245
6654
5733
2125
4648
7827
7061
7926
141
1925
1552
394
4028
4728
2560
7458
7867
7009
2578
4356
2636
2445
6064
4101
2364
421
6192
4016
2169
1648
1802
2284
228
1177
6288
3928
2087
3506
4377
4026
3913
5754
5631
7833
7551
7579
778
7207
4165
6455
7531
6691
6830
36
1262
7998
1337
6709
7466
6141
2660
508
6330
4702
7557
2253
5873
5182
2774
964
266
7610
849
5385
6430
4437
4221
5522
602
7193
7495
6186
3183
4418
7316
753
7243
1687
6038
6053
3337
282
3229
2143
7205
1314
2608
6944
1650
3527
1053
4430
5455
1150
5581
7418
6487
3397
6811
7652
1240
4610
166
1153
262
5543
5029
1212
5425
5272
955
1786
7221
4688
396
6882
1009
257
398
3165
2682
570
5987
7066
6352
7310
2150
4694
6864
7411
6660
1690
5420
2536
5901
1925
2329
6810
4234
7883
5511
905
914
4094
2134
7271
2008
908
2311
7552
1351
5833
7792
4192
5201
7727
117
5106
5699
4899
1459
2213
2590
5818
318
1172
290
6076
7310
933
7147
3240
117
3697
6912
1400
1620
4518
170
870
2895
810
6530
4718
2942
705
2574
2198
7590
1137
2318
3500
2535
7204
2449
3151
4790
5069
1869
1264
3662
2895
2543
4378
7075
6810
4592
4976
7128
2583
3241
4342
2993
4294
872
595
6923
229
3779
5654
3595
660
2732
2806
6420
2360
1414
4190
445
669
5047
4457
7746
415
4991
2090
4665
522
5768
5871
3400
7424
5374
4294
2518
5083
5024
1089
6591
852
6743
1271
4172
4516
775
907
3042
1320
7845
3441
7801
1226
4872
3629
2448
414
3778
1630
5919
6538
4592
444
14
4202
1744
1694
5668
4914
5971
2367
6402
5397
2419
6849
1041
4198
1991
7666
6393
766
2965
5263
2132
4189
5799
2374
4258
2388
289
2880
6782
610
6929
7903
144
7581
3784
7364
6021
2643
873
4373
3644
4658
7551
5117
3906
2789
3028
564
833
2880
5951
5248
7924
1822
6461
60
30
7496
1859
4184
5948
5913
1747
929
568
4960
718
7362
671
1478
4297
5899
5205
5233
6370
2034
7688
488
1940
7320
2786
4279
6538
2381
579
7509
3825
597
686
7172
3153
44
2562
441
4957
585
6125
6013
6793
7136
2396
1747
6683
1514
1269
7387
1669
6184
6985
3382
6962
7270
5508
1387
2719
2109
7015
521
7340
5211
1209
6350
5555
199
4217
72
344
6943
6486
7610
4513
2596
1955
129
7880
7097
1157
3960
4495
7848
7150
5912
1428
7526
3088
1828
3045
6040
5066
5252
7253
4437
6951
5935
5776
7470
3719
3343
2795
1388
1693
4128
1407
2584
5787
7194
1912
3073
6251
5455
3689
3001
5216
406
3619
2977
748
2729
6789
4710
7315
908
7061
2124
7327
5103
16
683
3862
2838
447
2614
6313
4215
6795
3331
7086
6628
5906
712
2000
4649
2810
547
7430
6008
6918
4126
1473
6723
551
2352
2026
6890
596
5895
1355
6998
2268
3588
6348
7333
3003
3400
6818
3719
6252
7534
6723
2472
7167
4760
989
591
1515
5551
5255
518
7653
485
4152
5179
1650
6590
2679
5414
7097
6222
5650
4268
2780
3332
403
2883
5576
6759
4976
4759
3915
6048
6018
4653
2407
5113
6328
4295
6180
4772
141
7623
490
3647
6967
663
5966
278
7970
583
7213
3817
4124
1528
1591
752
6162
7738
6222
7325
3387
6193
1872
3425
1043
1917
3440
1137
267
6745
972
5130
447
5828
7803
4979
168
4319
1637
2434
1811
87
6999
7777
7057
2435
7766
3154
5745
3728
2100
2737
7019
3611
6306
1145
4318
7966
1029
7818
5117
5199
3852
3242
1284
4293
3840
1929
2674
5725
1820
3465
1330
3036
4384
6205
794
5077
5857
4465
6487
1806
547
6252
4136
5342
6889
5617
4811
5017
1804
3148
3253
1648
267
651
6214
530
4258
5258
6396
7959
6238
1779
103
3359
7471
6982
6045
7350
6975
4310
174
2811
770
596
1370
1218
2319
3408
706
6710
6574
3965
4189
2819
1458
4597
3244
5171
584
5501
6384
2838
5329
5641
922
1640
237
2371
3587
814
7256
776
3805
2401
3386
883
5418
2574
1081
3551
6636
573
18
6119
732
5713
3688
2480
5598
1199
1756
6506
6517
3682
7325
6546
7027
2815
65
2876
6260
2372
2325
3343
3596
4422
2418
1233
574
716
3153
2469
7983
950
225
4305
3290
1762
4246
1861
4484
1487
3651
2201
3507
5315
6251
151
6875
171
2517
313
5273
5058
7134
3187
1443
6003
1299
1076
3968
7682
3071
2282
4276
4072
1154
5764
7871
6205
675
763
7559
28
487
5523
2130
6529
3619
3038
6904
117
2254
1347
1432
3246
4122
3645
2763
4464
2565
5926
2326
1785
3627
3574
100
4060
478
4743
1779
4716
1080
1371
6157
3163
3888
5023
1530
3619
4268
5489
6004
6949
4118
7649
2843
977
7986
6516
3882
709
4463
303
5674
6073
636
1554
4645
6618
2204
3874
6686
6773
5053
4331
2367
5591
4422
262
1683
5619
2991
1176
3509
6083
5589
2203
3208
1330
3982
1761
2345
762
3577
6805
2402
7562
7706
5893
6625
7338
5285
29
5096
289
5209
4917
7493
1431
7759
4111
2629
3063
6675
7001
7973
1751
4786
6074
5065
4123
1620
266
5680
6998
6669
6114
5736
6771
5166
6423
3966
6164
7777
4161
4345
2680
5493
4865
7752
2850
5750
2754
6008
6456
4929
3262
5162
7145
2006
4868
5317
5138
4207
1849
5864
4451
6672
5918
5731
2493
1440
7440
2278
159
1911
533
4601
6402
7032
2837
110
5441
6113
2919
7060
573
5152
7951
6830
3968
5417
3972
164
6432
6533
3254
4087
6503
3629
4751
2042
4720
3671
7865
1152
1044
4560
1185
7633
6343
7051
2427
5985
380
1977
2183
322
6160
7769
3986
6872
5349
594
7615
4173
5261
5951
7687
1223
5355
6986
4159
1623
4948
5564
5082
628
6587
2771
1006
7271
3662
3029
4923
7
731
3877
361
7464
2231
6228
1681
3472
6304
6521
7807
7210
6689
7300
4982
1663
2166
4367
4533
6561
177
7542
2169
1193
5980
6697
7427
7716
4256
703
6235
5258
6374
6989
4117
688
3003
3768
4115
1726
4665
2055
1867
1506
1444
1981
7435
710
146
7269
2042
3008
7375
6126
6368
6857
767
4665
6121
4465
3525
6833
1509
6801
2148
667
660
4096
4964
2349
6689
714
4920
228
428
3357
4829
5649
7500
2886
7621
3828
6933
1180
2549
4555
5078
3003
4076
1644
7910
2612
837
5970
6817
5379
6174
4597
4973
322
2106
7261
6338
7964
7140
5943
2665
195
1813
2985
4867
7462
7576
355
1230
6429
4908
7862
164
2535
4458
4010
1860
1623
1063
6922
2389
4490
3228
1411
424
7132
7621
46
1086
7452
1286
1513
5834
1213
404
2924
311
3854
3347
4570
5037
6636
6396
5335
6416
3573
1282
2010
7882
257
7349
4291
5387
7309
7206
7150
3086
824
972
2504
4189
2674
6438
4193
1431
2737
4578
963
4145
997
1854
6531
3003
47
5997
4821
1253
3150
572
4836
129
6874
1269
1698
5898
1460
4356
5725
4646
61
7128
6228
1832
2502
6028
4808
5337
2696
583
86
3768
7509
1440
3
319
2511
5126
5657
2856
1048
4704
4018
368
6665
2672
2258
475
551
2045
6458
2104
1107
5489
4601
358
4096
6144
5894
5207
5546
2634
5836
1812
1990
3267
2629
7489
5940
4241
202
35
4732
4405
2793
2911
1656
5678
3641
5828
4174
5530
4074
3468
1058
31
5728
4575
3529
6921
1090
7705
2112
6453
7245
5069
2718
7149
687
330
2311
7764
145
2525
419
4293
4276
5847
4238
7607
4543
2064
3601
420
407
7595
4305
5162
4273
5148
6087
7921
2980
3880
1584
3726
2371
1260
5958
487
7401
737
3502
1624
7125
1758
6771
5334
3449
5342
2099
3282
3149
516
5784
672
1001
1116
1610
1561
3923
1508
3044
5054
7254
3787
3684
7646
596
7800
422
569
1564
78
3923
485
575
2095
1366
7153
6240
2879
527
1033
203
1450
5964
2137
3272
744
1333
5877
1391
4479
2886
7353
3773
6026
2498
5676
488
7034
38
5802
6448
6874
6812
7747
3255
4823
5298
3422
2450
2943
6410
5922
4704
7753
5523
5014
5274
2966
3128
262
1644
5046
5015
4201
7044
7278
948
5250
5480
1464
4719
2180
4428
7116
2547
313
3108
158
113
3236
7287
2408
2701
2982
2677
6313
598
158
5706
2350
1788
4372
3443
7888
3581
6104
976
1534
2785
1766
1723
7292
5287
7117
3289
3180
4031
7824
174
7245
7033
3277
3830
7617
5950
7516
5169
2643
3774
4474
4670
6008
6633
1831
5803
7381
1186
5452
1356
2562
5361
5665
394
4878
3320
846
4222
7683
3304
657
1983
2155
2036
7647
2103
7762
774
334
1021
718
3313
2290
5215
1597
6120
6534
765
1294
1645
7758
2142
6211
5323
7355
6461
5812
840
2255
292
7320
470
3457
1084
6656
1545
5731
4772
4580
6926
4674
2560
674
7001
6286
7956
6852
4767
4347
6929
2626
2758
5350
6702
4871
3225
1212
1147
7544
321
1048
1970
1331
3696
4075
592
7444
7200
2337
4835
5118
1916
4353
675
1112
5533
1494
453
4053
7927
1868
1614
3769
469
5212
741
3481
5378
4652
237
5986
6985
2352
6673
3804
288
4630
2337
1840
3553
7393
540
5736
7929
1619
2510
3255
356
2833
2908
3257
5785
4738
5469
2043
2241
4216
6443
4286
5998
7058
3002
3512
202
7649
1385
7068
78
3209
1943
4699
2676
2410
2936
7339
4910
3456
232
7559
7832
6344
5694
6135
6891
5029
5861
465
756
2817
4327
6848
5829
2551
971
5124
2091
6001
801
1530
32
4173
5595
7198
1857
7558
3550
6606
7938
656
1497
1105
7072
4419
6294
599
3863
316
7951
6978
2838
6592
1090
38
7984
6755
4999
6285
4756
361
4258
447
5951
7850
2965
512
4528
6587
1016
7833
156
1674
2827
3739
868
1802
3594
4642
5380
3985
2690
1687
4365
2238
4836
1272
405
30
1431
7388
7981
7568
2195
2545
6163
4072
7980
3209
2409
5138
3371
2325
6310
6008
5923
3632
2764
1893
6658
2335
6490
6314
6055
3159
5826
6336
7539
7743
4637
240
2403
4216
3230
48
4765
6939
900
4175
5128
1089
1364
5202
3297
2697
3207
1120
7052
5717
1216
4443
423
5526
2304
4624
1509
2122
4765
6289
3354
258
752
5216
3538
7017
2255
4879
4455
6978
5691
6694
3155
5809
2778
5893
2882
2877
2023
4746
3500
2324
3432
4789
3233
7375
6304
1739
7077
1464
4871
4920
1535
2634
5495
3063
3021
7735
7720
3959
4698
3632
6430
438
4594
4256
7713
4209
5621
2105
4462
6592
2347
5940
300
5692
2071
5587
33
5218
1039
2538
4582
1404
7819
3997
2136
1086
59
1707
6737
2606
1566
108
4311
3719
3472
3478
1682
1504
7651
4166
900
1097
1394
4286
692
5493
2098
3945
5867
2591
1930
3623
2019
6502
741
6789
6781
6394
1349
6732
5170
188
7770
7998
2892
7585
4371
220
4182
3480
4980
1387
2705
4204
1001
4472
6696
7659
7577
1242
7014
2888
7615
6391
5287
6398
1781
2762
6668
3766
146
3235
563
4267
3894
7599
6567
6284
4131
3385
3923
5730
4559
945
1917
6130
3319
3308
3313
4005
949
4653
4282
4646
6677
2979
6937
5324
3365
3442
2799
1785
5963
3638
7677
1217
7004
4357
4558
1871
617
2805
6067
197
5212
4255
5104
7523
1220
1762
3061
1002
6062
6826
7312
3137
6261
6450
736
6935
3483
3975
845
4234
6104
7759
3254
7304
6961
5963
1387
7604
7949
2777
221
715
7173
4349
4434
7303
7674
6496
2141
1475
7403
7257
2574
7137
4230
2796
5670
3241
3071
976
4238
5170
2592
4342
3720
3910
4576
2182
6245
1473
2806
2988
1977
2234
2543
5267
1676
2661
831
4336
5970
4600
5332
1987
2141
3853
2545
6170
402
6600
3706
6678
3545
2617
1547
3057
2713
4
2830
3328
2084
511
2893
54
4142
2523
2372
1898
7428
1223
2939
5338
5179
6673
2387
367
2150
5838
1886
4418
7116
3261
7604
5088
6168
103
579
3274
3859
3977
4582
2560
6224
949
633
5824
7206
6774
1580
137
355
883
3735
6180
7615
1110
2509
293
1103
2540
4724
6319
6907
7823
3156
1526
2802
5891
5549
521
2461
3807
3790
2511
4817
3757
7779
2000
4872
531
4495
3960
722
5810
2746
1240
4808
3214
1517
5742
4034
7215
6556
1574
6089
8
1858
6624
2511
983
116
4788
4574
7052
7662
6196
79
173
3571
1521
1596
5689
7316
6656
7160
7372
7758
5821
7037
642
4632
7697
3877
4319
3901
1585
4957
4655
2152
4327
7959
5417
2493
5461
7168
5465
3440
3639
6130
2174
1808
5480
746
1265
419
5288
60
2440
4344
924
261
634
1721
3222
98
580
2304
5911
4255
3723
1579
6354
5875
1666
4083
5619
1962
1614
377
6944
2082
1704
7778
4671
442
4164
6821
4536
4488
624
3106
4476
3658
1854
822
3462
4064
7461
332
2273
5176
293
630
5738
7049
1706
1148
5271
4356
3187
4532
7992
2951
4979
4562
1277
5716
3639
2178
2553
4035
1034
6132
5797
7155
7318
2615
7336
134
395
4042
1621
2894
1029
7663
1590
642
7785
5440
1352
7734
6991
902
4742
586
6951
264
4714
353
2069
5089
4338
660
287
1301
672
6824
6857
7653
2308
1342
1086
7585
1533
1034
4018
446
4798
1414
1350
4201
4494
5160
492
666
466
1361
6539
3243
3023
1351
6181
7723
4971
3621
6199
3822
6579
1489
7264
1896
5923
4783
3206
3066
7585
4436
2934
3852
330
190
3658
4764
4721
450
5200
4566
2213
7557
936
420
7475
623
5358
5959
2540
541
1626
1319
4393
6423
7844
4711
267
6081
6699
1917
2439
2389
4567
1
163
3856
4861
4419
6522
5868
2052
1826
6342
4751
70
1434
1503
1602
7801
3550
446
4644
4623
3047
4679
6880
858
5643
4743
5532
6708
7057
1529
2163
4062
7044
656
5670
4455
3782
2544
2126
336
5543
6525
4117
1837
3254
3929
6630
4366
6424
936
5218
287
214
6935
3797
5389
571
3292
2728
5419
6431
6911
3480
2451
382
409
6951
3600
2957
7132
2385
4923
3917
2515
1665
3173
2336
1579
4037
6261
2844
499
7615
914
1822
6816
94
5636
4320
404
5325
982
6542
2335
6506
5886
982
3335
4154
1728
3839
7556
7323
4111
4859
4303
3770
3445
4927
7900
7366
6582
1554
3237
3556
304
2660
7210
6372
7686
354
7414
7347
3517
5383
483
5395
870
1525
2656
7497
4542
580
4018
6997
5778
154
5497
6567
1063
1532
2805
6608
1240
2403
7497
1591
6529
5011
6398
3981
5980
4776
6666
2883
6954
1202
2963
2746
3797
1794
5679
6331
4179
5893
110
2984
6925
5457
4250
2098
7169
7678
1597
973
805
5879
4004
3105
5325
6480
6819
5955
78
2330
2585
4387
6884
4342
1077
2375
3409
4518
7481
6840
7815
7978
7422
6074
904
137
1721
7234
4108
1454
2044
6884
5731
5877
960
2315
7771
2630
2145
2540
1892
4706
4138
380
6706
7099
7059
1313
803
2761
7688
39
1826
4058
172
2741
2955
2665
6686
5375
5263
7667
6075
1213
4059
5702
6180
2267
2612
347
5441
1970
5990
5925
1605
4215
4253
4330
3764
4274
2963
1298
4771
242
4395
1150
6272
4672
2205
154
6929
593
4756
6454
5313
2816
4180
1297
7256
379
1632
6775
3466
4156
2523
2190
5811
6842
5165
6379
6817
3489
6760
3242
211
2432
3372
7293
3328
1538
7368
5124
5083
1952
1441
7902
4310
6997
4376
6015
5861
593
3815
6083
3140
2993
2764
7874
891
6511
1514
2917
1697
5334
3884
184
2335
7354
1643
6016
5110
6693
7506
270
7555
7188
6144
2964
3778
740
1581
1080
6674
2759
6417
7463
1079
59
7873
4460
1061
5373
411
7105
5116
2937
7909
4517
7247
2118
7601
174
6313
2704
6340
161
530
3797
3190
3776
2126
6549
2012
2659
4455
4483
4197
5130
7596
7681
7362
7602
6778
4875
4170
1126
5178
5875
7068
1112
7595
5901
838
112
7330
6891
3941
4772
2575
7948
7950
2569
2689
5840
4845
2025
812
47
3116
1557
3627
5867
3095
1596
2113
6531
6141
189
4452
1706
7641
5946
2108
247
6449
1198
4712
3486
6271
5952
2498
799
6223
6296
5732
6781
3304
625
6826
5490
7406
1775
2874
609
2823
3379
7682
6988
2109
5294
897
903
100
4402
2057
7533
7804
591
707
1937
5336
6492
3187
183
5312
468
445
452
5269
548
1193
7220
2035
3073
4131
6347
4187
7295
7110
2958
3666
1696
6169
1458
196
41
794
661
7469
2940
2491
5676
2106
1057
4075
5693
2027
3622
4950
4686
6203
4521
7151
477
1475
2995
5421
5969
7644
1095
7635
7217
835
7675
5621
276
642
3527
2680
5976
6285
220
5401
3351
363
951
1137
4055
6678
1013
3063
5761
227
681
3718
6869
7397
876
928
347
3535
4404
4276
2141
5914
1768
4764
4243
4198
3699
2154
6815
1828
7128
4004
7291
243
2885
5197
6063
1545
5994
5990
6407
1813
1803
7989
6532
5283
5076
6533
6802
4863
7021
5358
4474
5469
5839
6806
5465
4280
5270
6968
4881
5178
151
2725
7038
7772
5747
6856
107
6414
6637
173
4102
5785
6840
2373
5970
7043
212
3043
3868
2675
6619
7755
6256
3733
471
2348
3724
5888
663
5419
3477
5846
6338
5218
2121
3628
6763
489
181
5804
805
6676
2472
4855
5080
5820
5287
6862
5460
7427
3298
3442
3814
4882
1127
5514
809
5221
2326
4678
3103
7114
6741
1922
2688
3301
517
1773
6866
3320
2804
4970
4154
5793
660
3318
6290
1060
3883
3659
7483
2347
525
1221
5557
5003
7560
2052
5485
649
1950
657
7061
1437
2872
2692
2298
1718
3416
1125
6867
5885
7632
209
7829
5982
5489
4895
3343
1669
3527
1092
1202
165
2499
3956
4976
4159
5625
6858
6922
3553
332
5418
4578
1389
6438
6181
984
3675
3692
2653
7443
961
7152
5481
5534
3090
1769
122
4982
2533
6817
1087
1633
7865
7086
711
6145
2933
6691
6182
6568
1780
583
5977
7406
6208
70
7917
5121
7006
5735
5980
4989
6476
2686
2554
6460
198
6755
1423
7664
782
419
774
6511
7661
6133
134
1933
7221
2031
7006
7664
4106
2105
166
2400
5217
7234
163
3806
6
4851
7084
1463
1060
2849
395
6360
5313
5383
1574
6180
1160
5363
3551
6596
1931
7167
760
7231
5000
5443
5819
4938
235
1673
473
2593
1045
4993
4689
6998
7132
6327
7059
3305
3731
4929
6245
474
5067
2109
7
7035
4953
1979
786
1673
5978
3702
6246
956
4021
329
3844
2909
800
351
505
4888
1638
3244
7997
5074
4071
7898
3354
7293
4512
3207
81
1065
2092
1069
7737
7069
1227
6497
6121
2086
1571
7233
2136
6511
580
2919
7043
6354
5360
6883
3919
366
2715
4713
1328
1274
367
518
7305
4376
6739
3097
5845
7725
1645
6847
901
5297
1126
143
4394
898
4333
4936
790
7934
6590
7815
2878
7376
3172
6461
7331
4746
6076
5729
5426
5557
4029
7586
3368
2916
3061
3616
4985
2000
213
2779
755
2911
5104
812
3487
1734
6656
435
5992
3601
4202
1680
6783
3264
4419
1494
2173
1621
1298
2684
5002
5675
4760
7254
4350
3145
205
3076
1223
759
4909
2346
907
209
1395
1696
14
473
2788
106
7573
4369
4880
3242
460
4170
6677
4372
229
759
804
1571
7042
7173
4424
586
4949
7471
7908
1390
1477
3596
5308
82
2388
6892
7542
4050
1024
2788
1442
2005
3558
4198
2937
829
3117
2197
5986
3936
5474
5335
4027
444
7264
6315
1045
7398
3443
1405
1216
836
2941
6199
3914
3132
280
2075
7938
4268
6140
6607
257
6172
3556
5687
3692
1905
4396
777
3315
5475
6398
3165
1245
496
5357
1924
648
6418
4001
6171
2027
2223
7541
1440
159
6161
3549
6276
4446
6805
652
2881
1802
4327
5524
6381
2545
2926
976
3599
4559
7491
447
5170
2516
2216
49
2617
2344
3895
7911
1330
4013
1496
4406
3054
5636
5815
3820
655
7314
181
2422
354
5572
6174
4545
2159
208
5020
2272
5839
4542
2474
3118
2750
7208
6923
7732
497
5245
4987
4812
1386
4620
1894
7239
7497
6400
4120
3533
6245
6566
7285
7747
7259
7991
6634
2354
614
1170
7843
6437
5232
3017
6590
6098
872
3231
2304
6141
5461
3088
839
6234
5482
146
1792
7410
4250
7899
154
3015
7790
4003
3067
1659
2388
2411
305
3502
7674
7230
5419
359
539
4663
5993
2357
217
579
7345
5910
3661
5608
580
4055
4635
6662
6096
3325
585
5277
7911
484
3601
272
4080
7462
4788
3113
540
3966
978
2268
604
429
7544
3088
3282
285
1337
5019
2629
1477
7808
398
2712
4044
36
7089
6845
5361
3261
143
1062
4970
2934
566
3708
5963
2532
6840
4372
1770
5270
5941
4319
3777
1518
4829
1504
5395
4655
4400
3108
6483
5334
7048
3565
7553
750
2586
2607
5398
7135
3961
5567
162
1223
5851
4936
5172
1484
4960
2816
1594
5936
3984
5850
5033
1061
6116
6461
2015
6307
7113
7030
1608
2233
6240
4841
5054
2784
1929
4622
52
5014
4193
6297
6868
233
7177
2042
4135
6994
3306
2567
6774
69
1142
1783
3566
7494
7344
6864
6665
7998
2862
7010
1963
5518
4189
2998
1674
1251
903
5122
6674
7499
465
4574
2248
4679
904
7676
4333
2209
4637
4307
5925
6336
2541
7836
1944
1465
6598
2177
6681
7912
1127
2195
6470
7232
200
2939
6127
1439
1370
243
122
3749
3792
4469
581
2375
3934
3316
6286
3295
7873
1931
3088
7110
6783
7795
3311
2341
6896
7544
1750
1800
2237
4398
479
6900
1576
2784
1011
507
2509
2185
7986
4877
423
1734
5269
849
6485
4044
17
4213
1630
5782
7423
7874
3315
738
5243
51
6645
93
7754
6663
1527
7196
6847
7381
3013
1100
4511
5024
37
7980
131
2859
3228
2106
62
6734
1781
234
1216
6410
4221
2654
7674
282
2898
5651
2051
778
4254
6168
1083
3532
1950
6533
7470
2249
4136
6441
698
7733
1452
6724
4085
2854
1082
3767
6601
4070
7428
632
2913
5127
5349
6090
7241
630
4067
45
3088
4499
753
3026
7857
2688
7928
7953
3443
3640
2264
3038
3534
483
5097
6650
719
5351
2246
5350
3646
1536
3276
6045
573
4627
415
4546
5875
2623
3438
5336
4906
2678
2872
3441
6710
4747
272
297
600
716
6877
1107
5793
1297
5860
7284
4571
3861
2378
7471
6308
1221
20
3649
2396
2199
7282
5230
6913
7837
1404
7931
1561
6106
6267
3870
1233
4500
2795
7539
3043
6122
1919
4080
445
5608
2406
1755
4447
153
5133
3963
2052
5852
4133
3916
6854
3386
5670
7031
4348
4023
4436
6912
613
7527
4289
1986
5833
6147
5395
4952
2077
3068
6727
7838
5736
720
1014
24
1892
4250
1559
3568
1767
4334
3398
4454
1154
293
6531
3587
6057
3574
7550
7886
6357
3015
1682
4675
39
4994
1743
641
4814
7786
6332
707
7338
7344
1436
6417
3954
4737
2865
2552
2387
1443
6911
1399
473
512
1746
2683
5971
2753
3842
3598
3826
5663
1654
3275
499
7286
7591
6613
4798
3996
6694
5000
3277
7600
3809
7024
6416
6454
4258
5625
273
3362
4312
1255
2260
5426
4122
391
4673
769
4649
1318
7556
4058
5109
7104
4981
3914
3235
7099
1076
1977
3470
4245
5463
249
2508
604
1800
7264
2034
413
2600
147
6554
4126
697
676
7395
6928
1402
5470
5690
4223
4051
4573
6808
1164
372
1636
6284
7773
6970
3497
3707
5651
4626
7923
7525
444
4128
6055
490
2826
7970
799
5900
2181
2704
6461
694
3260
4679
7807
5694
5249
2087
7379
1511
5206
3450
1388
6890
4834
7766
5653
4917
3176
6916
966
7861
6202
7393
2741
81
2922
1029
6190
7158
3650
3171
1702
4378
3573
7984
1676
699
1236
6408
4898
4904
5893
1805
4747
515
4850
721
4261
1541
5694
5302
4824
5058
1597
3091
6255
4655
1508
7386
1831
2913
4670
4024
646
2967
4961
6077
5615
7291
4321
3261
5042
2533
643
6454
5928
3937
4917
6898
4928
7410
60
175
5588
279
3949
4990
2560
2060
7840
5161
7411
2132
7138
3160
1030
1910
42
1910
6797
134
4238
399
3820
5477
3319
7228
557
5707
6803
1795
6287
3588
7881
2745
7520
6457
6642
6057
2638
7537
390
5434
3258
7255
84
3979
1614
3582
5111
1250
1041
6434
7557
1542
4728
1905
3465
7849
1663
458
2036
7178
761
7300
143
6106
7524
7538
6196
5534
2497
485
5310
5332
803
3571
4606
5081
2949
55
4911
522
2336
2713
4908
7914
2749
3216
2145
1156
6920
3365
1280
1553
3495
7161
117
475
3146
3081
4891
6627
6402
6001
3504
640
7958
4911
3398
4106
6612
2794
2940
7734
549
499
6829
2242
4196
970
7335
1876
5872
3684
7263
158
1728
7787
6755
5188
1335
4423
911
2049
5177
6876
324
7495
6972
6419
3222
3429
6434
6494
1605
4014
2182
3702
5615
2456
7636
423
4995
4322
6239
2447
7545
7737
5421
7651
2688
3933
2453
4978
504
6016
5133
6830
1570
7151
5501
7784
5205
1395
4504
475
6066
378
1451
3244
3930
2290
3894
2224
6302
694
1148
5999
7286
1004
2326
5223
6838
1517
5964
1940
2751
4711
6374
4975
7026
1984
5376
6005
1771
1852
7005
5289
5931
4193
6141
1820
5269
5913
2354
6252
6110
2775
367
1227
3711
3710
4450
1602
4268
1406
6276
5045
7562
5824
1262
7656
157
260
302
2626
4479
6920
1306
4881
7256
4716
2980
1743
6730
7765
3119
7780
1260
5007
5537
5099
4410
2038
3130
3577
5259
1110
6436
7643
7683
5777
714
7840
7177
5057
622
5272
7419
5151
2870
4890
1313
2788
3335
1100
6240
7021
1621
7774
5809
6180
4474
6360
1041
5213
2885
406
6841
4798
2132
4560
5456
7267
7909
6495
5216
1344
3625
573
7814
137
1882
7885
5358
5134
3215
3291
1023
7595
1550
3364
3027
2207
2401
601
2090
1659
5100
7200
5727
6526
5693
7004
4059
190
741
6446
6920
5513
5702
6780
2184
7437
7086
5360
4328
7605
803
7492
207
3669
6079
6142
7868
2120
3647
1654
2415
2840
1878
7839
7845
3933
7623
4421
7498
3945
1970
1748
7083
2468
4654
4378
5418
116
3481
1742
1141
2400
620
3728
3448
628
4947
7090
5266
3303
251
6968
3398
187
3116
4060
3572
7781
6297
1109
5383
4206
1077
6617
4015
2073
7689
5473
1234
4742
1860
6380
6398
3606
3666
1030
4771
1360
5680
3658
4607
1027
6590
1766
1561
5869
2197
4830
1266
2716
1500
5908
2617
6611
4566
7430
2942
1007
6654
1176
5417
3851
3734
1556
1452
4896
2044
47
7030
7025
6526
5453
1257
2150
7215
584
2255
5559
4602
6509
2505
971
2423
200
7
4769
4732
5794
3839
2608
3574
5447
4119
1482
7480
13
7333
7366
3730
3665
5146
5982
294
3012
6266
4950
4087
5735
2896
4895
5763
3154
1311
5434
2131
1915
4123
7328
2128
5941
6361
4258
7576
2487
6021
5645
7889
1119
7059
5392
4414
5622
3640
865
4047
566
665
1756
7806
3145
1732
7789
4439
1748
7390
6577
4631
3060
668
2904
7865
1800
4918
4302
5965
879
473
154
5386
2707
7325
2310
6885
3430
630
7040
4643
6507
6702
320
5611
4985
147
7659
6111
6971
1964
759
4268
956
7410
81
7008
2529
61
2363
1916
3447
6589
1722
5579
7535
810
4271
6578
1447
2302
4612
5959
2156
7073
3977
2150
6268
5285
351
2818
2896
5171
5462
6330
4698
4485
7250
4717
2379
3862
6259
2318
3096
5847
4405
635
6526
5412
7316
2634
7043
1206
1652
3365
6527
154
6721
2713
6556
4194
4754
2857
4058
7130
1748
744
4694
2557
3236
4871
3595
4841
2620
3627
6041
4561
3154
514
4293
6706
2301
7768
898
5192
6042
2789
3567
3841
4590
6762
1184
7218
5261
1084
5153
7945
2106
2079
5432
195
5135
6678
3819
7966
7199
6010
7810
2642
1499
7434
2382
1788
4274
5634
1770
7707
4092
2415
6913
3710
1049
4865
336
1533
5461
7842
6574
5864
5071
3078
6409
2493
1243
835
7154
3422
2404
7972
6940
65
6166
632
32
1130
7867
5296
197
3030
4388
2217
63
2553
4682
5767
2741
1451
7221
1731
5639
2655
605
3590
5968
916
4431
2294
5864
6607
5459
4496
814
5640
4620
6839
644
4260
4063
6923
1562
3811
3480
1662
48
3611
3657
3619
2902
4581
371
3912
3063
534
6250
4870
6229
2992
4469
4566
3606
1370
244
4134
7360
6542
5829
877
3009
82
5735
5627
5490
5993
4192
3540
1756
4106
29
446
2172
593
5017
4569
6787
2165
5440
3119
161
2618
7699
1420
4803
4775
7758
2384
1818
6011
7496
3522
6687
5020
6108
3623
3220
7888
6086
596
5772
1711
207
6912
4909
6297
5229
2141
4917
4196
2725
1641
6203
1752
6130
4415
6968
3871
4586
3380
3973
119
5599
7647
5862
2410
3523
6840
5000
7104
3920
5669
1607
2547
487
5392
6323
6563
6584
4093
5716
2187
6241
4379
3947
3188
346
600
7611
1384
4432
3898
6152
2538
7312
4076
6879
3108
2215
3541
3926
3617
264
7087
469
7484
1517
7831
4630
3097
3393
2912
680
3986
6782
2221
7226
3317
7827
3583
7638
1260
3656
2123
6764
3772
1316
2192
7313
883
2767
167
4871
6235
116
668
2495
308
1065
5884
5660
6433
3474
879
7162
6818
6722
1160
3951
6594
7396
2459
4112
1426
2202
5647
760
2389
5795
4404
132
6717
2882
3798
1250
598
7517
2322
3980
6786
2019
6312
2255
3941
2609
530
1745
3425
7095
1364
1810
3845
3542
4885
2098
7489
5901
5933
2868
7326
4437
5375
1
2347
4617
6921
560
4411
7242
3449
6148
6669
4386
2050
566
2124
2855
4656
5173
3001
3747
4408
108
1957
7025
2772
1283
3043
170
3854
4200
3581
130
2330
1743
422
7148
2664
7607
6512
2501
3706
688
1855
4527
2675
4058
5246
2236
2609
4655
7184
7951
2205
7620
1418
1341
4289
6283
4127
313
1689
4573
1755
2033
7212
7414
7573
307
2332
6209
3038
5844
5309
7447
6527
4690
3171
5506
5475
5048
767
6022
2832
1794
7147
1506
2012
258
4163
3411
3997
3522
2359
3418
5281
811
3294
5695
6879
7974
7565
3798
7726
6720
1961
1665
2549
3475
5625
1462
1507
2019
4223
5570
2016
6022
6729
1166
7427
4744
4611
674
4357
2573
2191
5479
2421
7096
4568
6961
7406
6220
7714
2812
2374
2385
5926
6582
3465
4602
7838
3326
2406
452
5404
4524
2023
4961
5087
1617
3879
5270
1640
2240
1663
4130
6154
2509
6273
4256
4353
2516
1897
6702
4
3773
3152
1295
4190
831
1571
910
6713
1507
2836
2084
5756
267
591
5596
534
114
3952
6581
1051
1205
7283
2440
3856
1107
7531
5163
2689
6129
1847
660
6299
2977
3059
1410
3830
7971
6379
6360
1331
1260
4757
6155
5447
4647
4671
2495
7254
762
4294
7853
132
2826
2569
7944
3080
4417
4957
4960
2946
1423
2434
1990
1870
3566
3926
7729
1881
7723
2313
32
7411
3618
4497
641
742
905
6431
4114
1606
4975
3153
7302
5962
4358
2089
7594
3482
3360
446
1992
7977
4022
49
6476
3397
4462
6883
2149
6701
3805
549
4590
546
6923
7216
4558
1856
2743
6487
7261
591
1179
7609
648
1878
4146
4859
5302
5359
2934
886
7339
4897
1710
7532
4717
4201
1128
961
7142
2138
1028
5480
2890
6504
6066
1371
6585
6335
4027
7439
5095
5849
1414
2343
2042
5007
532
2344
7795
3951
6222
3373
7121
144
1664
475
1202
7010
3877
5720
380
5833
4965
4408
3067
4460
2012
3320
3212
3208
3549
3567
6201
4427
3959
3329
1445
1502
3254
5526
2923
2370
2541
1226
7426
6878
3059
615
5540
5655
1260
3856
5807
4450
7050
4926
3915
5462
275
4721
2893
70
5028
7135
5979
7245
5942
5681
17
2538
3744
6766
1188
3598
4829
7671
1541
820
7696
2742
1224
5681
6213
593
3334
908
5178
4003
2880
5967
2910
5292
2821
3230
1880
7623
5717
3400
267
3805
4422
4316
6360
1945
679
4798
5797
3228
7332
5946
6301
7025
6569
3735
1144
5059
1610
7920
2173
2893
6691
3839
1285
659
4923
7099
449
2192
3055
6628
3455
1711
2060
2524
4392
4157
3068
4536
2702
3551
4325
23
4836
7616
6542
5874
78
910
7555
7221
6556
998
7035
5581
80
7436
1401
4035
2472
5984
1520
72
1496
5773
1834
3409
4056
1412
2986
2020
7646
6825
3089
307
3885
652
7230
4330
5582
5402
7289
4036
7006
1237
5650
2338
7752
7681
5189
4958
1684
3360
993
7517
3233
4129
2154
7011
494
469
4347
5100
2975
6370
2927
2616
1726
5947
2306
7206
1
6159
1972
6916
3595
5441
2158
3430
373
4441
424
5045
1677
2361
6474
6154
7583
5586
5394
3323
2548
535
1717
6261
2649
2802
7113
3020
2337
6071
98
7246
3757
6870
4731
670
5163
1428
2072
1280
3485
5436
1514
2032
5276
6545
3315
4280
6940
1480
1899
3201
6449
1268
2785
170
403
7106
1189
6615
6622
6502
5286
7371
1820
2517
1432
826
6407
2229
7256
24
3018
7378
5139
1142
2696
1618
292
5902
2847
1515
6588
7453
6894
5075
2823
5360
2517
5560
6669
2754
2875
7474
2902
1605
470
758
7441
3775
486
5324
7926
1367
3907
3651
3179
1392
7385
35
228
6901
7089
6691
3279
3445
3506
6044
4527
2546
6119
3582
2566
116
3394
898
7097
3683
2529
6239
2863
3861
721
1409
186
3493
7633
2935
1017
1285
2648
6699
4605
3797
5529
5144
7594
2804
69
5943
6176
4310
2578
6650
4635
5334
5563
4669
6680
2446
903
4282
5306
5990
2127
7164
491
2153
6522
6742
774
2654
3788
3732
3253
1749
5343
306
7126
2944
6063
2060
1636
644
6877
4310
2131
5136
7532
4365
1275
4142
272
1965
4345
6551
3880
5413
7187
5580
4681
2184
2074
6818
4733
5701
7125
94
715
5977
2971
769
3897
131
193
6949
5008
3705
5045
201
2079
4313
5162
7658
2626
2274
3830
5267
4388
36
7736
5109
3523
437
2045
122
6643
5158
1060
6807
1446
3253
7425
3745
4906
5572
7488
7265
5811
6346
4107
2538
4443
1289
4205
5290
7271
6720
2807
1344
3148
289
418
7949
1778
7045
1783
2702
6071
2335
5484
6505
5111
367
592
4357
587
1784
1513
1503
5903
4275
3547
410
1257
7749
6155
7511
2054
3951
133
2246
1191
2181
6939
1020
1949
3617
7119
2949
4496
216
6707
1211
5830
4077
5775
2583
4898
4613
5379
1288
7211
1435
3566
7106
848
6901
7886
7129
4136
5911
4328
2766
638
2934
4586
1577
5388
5359
6159
7048
1095
697
3395
822
3036
1048
3783
959
3194
7892
7320
579
7440
7530
3403
3402
2008
6401
2620
663
3988
1376
7719
4416
2839
7453
1302
6588
456
3545
6973
4670
739
426
98
2177
2240
473
3392
2277
4056
5902
686
4281
3909
4168
4732
6169
6153
5585
5470
6970
5394
7026
5836
2499
5308
7395
7848
4127
6360
7045
7137
4048
2924
4499
4952
1990
4730
5142
4418
2352
3462
1369
718
402
5714
3485
263
6231
4396
7310
3131
617
7146
4533
477
1344
3253
1326
1640
6903
6084
2333
965
5669
7146
2461
1519
5610
1107
4217
1877
6792
1547
7007
1472
3893
959
4753
2677
5742
3080
5342
4957
3277
6885
3473
5411
7070
4040
7336
3678
6575
4693
7943
4272
3814
7526
1070
173
3031
2514
1385
5056
3926
6447
3974
3659
5578
2133
7308
5390
7107
1637
2666
650
6798
6794
5486
7910
2054
3967
2424
1617
1900
2258
3245
4841
250
4647
1072
412
3957
2943
4238
3213
1410
3386
5880
5113
4922
731
3319
858
4225
268
5019
7499
2899
5602
4276
750
927
6561
5573
3467
1817
6467
1974
4729
7307
3253
2889
386
7659
6627
2895
7874
7923
1589
4316
16
3565
1562
1784
7200
1549
1028
1047
2216
708
116
4684
3906
4882
439
4217
4818
7900
4016
1162
2728
4798
5017
163
1832
354
645
5846
1000
7634
6440
90
2905
3786
5976
6072
3114
5330
5973
5384
5097
2762
7688
2844
4395
7367
6984
3003
687
6365
3682
209
1598
7869
1306
5284
2837
898
621
5642
4358
2502
4249
1690
2972
7738
5407
2080
958
4534
3016
1109
2326
5005
1446
3725
1970
1317
1436
7795
5674
837
2785
7347
1603
5616
4416
4790
915
5554
2723
5203
4454
4280
2258
3587
1761
3749
3831
3606
4901
7457
3300
5285
6902
3252
1367
6664
7581
533
7036
905
6730
4348
3187
6104
510
6462
6804
3968
3624
2458
1968
7513
6222
7439
3866
703
4399
5553
2534
6980
5543
5116
6897
3426
18
1960
7202
3060
7220
7230
1646
7397
5465
5801
4066
7144
824
3088
6621
1321
2717
5155
3611
388
6407
1780
3706
5942
6671
1993
5814
2128
1291
7087
2040
5491
5682
529
15
1144
6081
4489
1597
2479
7837
3509
3445
5963
2553
5198
6947
3035
7994
5365
3757
4476
5721
591
7032
7886
1482
1619
2351
6116
1755
7969
5887
7424
5022
6230
5414
2750
1162
5341
3374
4879
159
5960
820
4585
905
7519
7790
2045
3911
1911
3053
2794
1612
3719
799
5104
2086
3320
7063
1767
5277
1851
529
5617
286
2207
7856
3309
7128
2147
395
1005
7399
5512
3304
1706
6128
5035
6087
6967
4044
4562
7459
1652
5032
2501
2420
4612
2091
159
952
7809
7706
2148
7283
5678
377
7317
2805
5548
5683
3522
7771
2481
572
3168
7320
2551
437
3291
3701
2865
1552
6190
3479
1731
7668
6064
705
7410
995
2609
1561
730
2394
5765
559
4895
1785
6752
7803
5797
7267
1571
4774
6148
6120
1334
3533
5942
3553
7319
193
2323
3484
2609
6162
3776
5945
561
5389
5411
3412
5781
515
1690
4197
1862
2764
4844
4580
3879
3404
1983
2288
494
1141
1292
7601
3827
6221
2769
7932
7942
7282
69
7544
3974
4635
2129
1023
3631
672
2045
3079
5428
1213
6377
6402
6926
467
3709
259
3475
2543
866
3425
1674
1999
3955
160
7870
1442
3822
2766
5009
1616
1584
4716
915
570
7968
1102
5011
6147
7658
5317
6709
5135
3311
1338
4933
1162
4730
669
2955
5165
2806
4864
3360
2172
4319
1597
1792
4563
1655
5983
7391
5539
4794
2176
6401
184
1299
814
389
7101
2576
6099
193
1537
148
2837
4116
1275
2060
6780
7608
7756
6692
3219
1751
1413
3322
528
1632
4265
7186
1783
217
6324
76
2683
2807
7772
2964
294
3244
1750
345
5756
7552
988
3840
4699
7267
2158
6297
6374
1666
4118
7314
2147
4376
4401
3882
7456
4999
2539
169
2333
2407
3402
4559
6886
5918
7406
3402
6720
6384
1239
7724
966
5401
4903
6171
4692
665
2857
6794
3428
1232
2131
6761
2039
1482
5512
7065
7543
5980
4385
1955
1306
1136
1901
2281
3017
1693
5238
1117
6466
7803
7175
7152
3067
3765
170
1294
392
6687
6582
584
5502
7050
5450
1489
25
1878
2515
2222
5531
5768
5652
2728
5110
2140
4646
4036
1196
7197
3197
4980
5877
1586
7022
7055
2209
3771
6062
6655
7038
4125
5469
2682
508
6041
7811
2483
6735
7396
7641
849
1749
6963
7499
736
889
2645
1084
4294
1431
133
1290
7929
3105
5312
3476
304
3969
7956
4858
2071
447
634
5348
3783
6246
1765
7494
1397
4770
4123
6050
1194
4717
4036
6862
3059
6058
128
4663
6745
7313
2686
4070
2963
7501
5579
4162
5755
738
5799
151
191
5331
1822
213
5337
5635
5653
6556
2881
7002
3172
2294
2721
1002
3171
5221
3913
467
4168
224
1060
3556
1072
5400
2986
1154
6779
5631
1944
7566
1117
2379
6493
7746
2162
6519
7703
1948
7314
5132
253
5503
1446
158
3806
598
122
2905
4810
3002
6291
766
591
3990
3522
3688
3431
4425
5561
596
1391
2315
670
7456
2523
3412
542
4883
5992
4345
4996
1438
595
7384
4106
7585
5577
311
3118
4785
94
6056
585
1753
4673
4336
7069
2654
560
1640
365
3464
1832
3042
3089
3677
4192
3088
713
3312
3766
1570
5586
5466
6122
7727
2103
4680
1610
2838
3498
2742
1709
5989
5395
3577
5092
4665
3688
2563
1006
6631
5118
803
1451
6619
414
5579
3475
4735
5148
1814
5032
4255
2916
7753
3881
6346
1878
2010
3465
1531
468
5038
7200
3129
89
3559
2847
2171
2764
1758
5001
5968
4308
2413
6880
7038
1327
3313
2718
4585
2110
3022
7782
4151
4387
4915
4986
562
4430
4767
6382
7790
4948
5411
6173
4075
5826
2410
154
6396
5552
3128
2538
7721
6681
4719
1968
3411
1449
6807
2792
4374
4120
30
2456
6132
5879
5342
6148
431
3784
2143
7586
7670
2195
4445
5069
5700
4790
843
7677
6
7485
4567
4279
700
6771
1840
5313
737
1975
5766
7705
1038
3026
6097
3942
3420
839
7508
4911
6281
684
2723
3211
7580
5177
35
3161
7308
2655
1425
5297
4319
3866
4357
4186
1679
6602
824
2429
7601
7807
4740
6297
6552
3859
7404
5113
3128
3964
7196
7651
4871
7969
4018
1683
4585
1197
3388
2855
5707
7650
5188
6108
4239
177
3786
4281
1706
1991
6416
4042
6475
7721
4828
3472
4094
515
3833
55
7951
1981
3967
7112
6002
5968
468
1568
6562
4504
3955
5089
4745
4266
3628
423
4256
999
1452
1726
5335
7313
3519
6866
951
670
3667
5734
6342
1611
191
5769
2475
3635
2691
1798
7442
7264
210
4956
4050
5985
7565
5166
3469
2013
6098
3770
1048
5862
501
1743
4317
2897
7501
59
7741
7942
4211
3651
249
787
5446
2776
1170
6470
6323
3654
5231
3002
307
4077
7168
4401
7060
5685
6433
3427
5181
6590
2881
6934
1388
1622
4675
4399
3587
5999
7140
7304
6723
6928
7967
2242
1495
4042
6861
2973
4820
5614
7377
581
1215
2685
7923
7919
592
5152
6155
4837
6389
2841
5601
3486
3418
250
1170
2962
1768
277
2101
6092
7243
7795
1919
897
1465
6217
1188
3040
3760
3751
1855
7658
3390
4211
2676
3652
391
598
1428
2827
2627
2165
3713
7271
7366
7651
1298
1059
6660
6164
7929
124
7892
853
6498
2999
5108
7163
6751
440
2958
2970
451
2449
1145
4535
2443
280
6467
6655
4548
2236
2030
7417
4072
3609
5624
6841
1291
7113
4576
918
5045
7550
101
6303
3601
5517
1105
266
198
7117
1078
1005
1379
2657
4792
3057
5056
2962
7371
323
7778
2465
126
7436
3424
5531
2361
740
4420
877
1986
3778
2228
7930
3078
3639
5394
747
1367
285
3296
2886
2097
3658
1128
4547
2497
5321
7003
7195
6504
4362
7352
3169
6140
5976
2863
405
591
332
7623
2359
4597
1664
6909
7769
2112
5959
2477
5240
4430
731
5238
972
4230
3095
1690
3870
6430
2855
355
2650
3040
6972
7308
4261
2223
1540
7838
3312
5573
1433
7642
7822
5502
5944
4567
3138
3034
4726
492
2269
7294
5102
6032
7
6845
318
7488
6939
6614
5939
7841
4408
1470
1345
6119
212
6687
1848
4917
4436
4640
1459
5190
7322
1191
6738
5643
2591
220
5931
1045
3969
3120
573
2806
6494
2015
3621
7523
2785
1841
6229
7005
4188
2055
7809
7761
1751
3540
5531
4092
3368
7978
7426
4946
7940
4919
1847
5857
5781
2895
3472
3250
3661
6764
7536
6576
5881
6194
438
460
7769
7992
7669
6815
815
4677
7525
7249
3862
6487
6743
635
1109
4010
879
2632
1012
566
7053
353
5774
6522
5004
2953
7528
6008
7599
709
6721
6849
3032
769
6506
946
5883
3823
6360
4223
6483
1265
4088
623
6547
5241
7298
4008
6496
5934
4433
173
5821
3858
4274
5413
6087
739
2939
30
6050
5695
3742
5521
6963
2123
7870
744
5712
7700
4928
893
2740
3063
6694
2277
760
959
984
7021
1790
3278
4356
7779
7600
5758
4392
7192
1577
3463
5357
3237
4465
7140
7543
300
1391
2929
5754
7584
4442
1240
1871
200
4721
3564
4039
6400
108
7957
1855
2176
4338
3822
2420
4512
7052
6251
2649
6492
3930
5951
4967
2965
1028
3773
6901
1817
2612
637
4616
2596
1346
4353
108
4199
4912
728
2436
6408
3608
3523
7006
7145
2082
6999
2826
5037
7290
4194
3437
4792
3202
6993
2513
5175
7748
7441
7231
3553
1450
4661
400
5372
3377
1304
7040
4258
5403
6019
3524
645
6884
529
6174
3377
5496
208
3566
337
3875
2027
5323
117
3977
4422
6994
7058
471
2346
5822
458
5561
3618
6841
7662
3470
7012
3634
5826
1113
564
432
6848
2617
4038
5734
4703
5723
355
1351
6164
2350
1613
7515
3802
7511
806
5203
1967
870
1806
3674
4639
1737
1932
5932
6148
4544
7983
6571
590
4561
7605
3312
2752
6397
4395
5471
1659
6898
4310
3454
1663
1474
7634
1095
6959
4820
1913
6651
4948
3994
262
122
6437
835
7226
5457
2438
7665
3071
7635
4622
2797
1740
875
7949
2266
7368
5808
1166
1063
7986
2170
2137
7689
5888
3316
6012
6057
3782
947
3211
7641
6042
3910
2278
5005
630
5455
3066
1416
6558
785
4234
3540
7682
6089
496
1782
7077
2114
5150
5089
2495
6052
6122
6186
4064
1612
4234
5436
7959
1186
4892
2829
7826
1959
361
4304
774
7758
4266
6061
2770
3853
587
4270
3807
6643
4912
6651
2762
3324
5622
2376
453
675
6779
5069
6202
4983
7136
6006
4722
5489
589
5020
5878
5829
502
3317
7027
5687
6429
3847
7459
5616
5848
5603
7530
3089
7573
5327
6014
6855
7131
4996
3979
5408
4499
7194
6230
2909
3846
4416
3552
4232
6760
5360
653
3719
3990
994
7493
4658
7644
1472
731
1186
7034
219
6701
2698
2088
2716
1547
7691
2775
6013
3163
642
2298
7865
2427
741
1733
5376
5737
5582
628
7280
1888
470
